version https://git-lfs.github.com/spec/v1
oid sha256:3c0bce8d0a8038d837da0e36424b118bfb9aef31b03c968e1c99128bdddb3b7e
size 10151
