version https://git-lfs.github.com/spec/v1
oid sha256:8c8e044498b3849652062518ca21c6108cde2f7ce3d460160f57181380b05512
size 10886
