version https://git-lfs.github.com/spec/v1
oid sha256:8f0aff3dc1d5d1d014eca7b0c64569a6d300a16d0dec012ef97a983b280cae28
size 40
