version https://git-lfs.github.com/spec/v1
oid sha256:288126ec8897c469cec2d2672725478b51602eb064e3b04e6bb84b61eb2e7921
size 88004
